1
Последовательный алгоритм
Кол-во элементов
Время выполнения, мс
linear
82000000 87.318389
82090000 87.725661
82180000 88.534191
82270000 88.069849
82360000 87.927029
82450000 88.636069
82540000 88.401890
82630000 88.544831
82720000 87.824550
82810000 88.125041
82900000 88.004272
82990000 88.058121
83080000 88.371997
83170000 88.277590
83260000 88.366680
83350000 88.522651
83440000 88.520868
83530000 88.606431
83620000 88.818638
83710000 89.420509
83800000 89.030101
83890000 89.036031
83980000 89.075670
84070000 89.350829
84160000 90.851371
84250000 89.445188
84340000 89.699380
84430000 89.653862
84520000 90.041537
84610000 90.385032
84700000 90.050428
84790000 90.018919
84880000 90.208771
84970000 90.947130
85060000 91.278470
85150000 90.409341
85240000 90.956540
85330000 90.692611
85420000 90.701320
85510000 91.936309
85600000 90.959210
85690000 91.182239
85780000 91.124129
85870000 91.170619
85960000 91.471560
86050000 91.399229
86140000 91.457388
86230000 93.872349
86320000 92.450187
86410000 91.972859
86500000 91.987052
86590000 92.033322
86680000 92.252731
86770000 92.241740
86860000 92.331071
86950000 92.847941
87040000 92.546120
87130000 92.591028
87220000 93.168261
87310000 93.533332
87400000 92.937810
87490000 93.010352
87580000 93.169570
87670000 93.373730
87760000 94.444339
87850000 93.404741
87940000 93.502743
88030000 93.680012
88120000 93.661602
88210000 94.124203
88300000 95.307975
88390000 94.029047
88480000 94.115951
88570000 94.221780
88660000 94.182270
88750000 94.314871
88840000 94.478457
88930000 94.524670
89020000 94.586852
89110000 94.760082
89200000 94.759841
89290000 94.874699
89380000 95.180051
89470000 95.002952
89560000 95.168490
89650000 95.456057
89740000 95.765481
89830000 95.778430
89920000 95.752630
90010000 95.792058
90100000 95.905468
90190000 95.893161
90280000 96.962481
90370000 96.023059
90460000 96.278806
90550000 96.141400
90640000 96.400990
90730000 96.326432
90820000 96.931570
90910000 98.204861
91000000 97.125530
