1
Последовательный алгоритм
Кол-во элементов
Время выполнения, мс
linear
1000000 1.258588
4000000 4.459715
7000000 7.614779
10000000 10.953999
13000000 13.774490
16000000 16.876197
19000000 19.984603
22000000 23.337507
25000000 26.767802
28000000 30.084109
31000000 33.297491
34000000 36.480689
37000000 39.389706
40000000 42.581606
43000000 46.064281
46000000 48.997474
49000000 52.380300
52000000 55.346608
55000000 59.021115
58000000 61.989784
61000000 65.150404
64000000 68.222499
67000000 71.358085
70000000 74.705100
73000000 78.140497
76000000 81.364107
79000000 85.207295
82000000 88.015795
85000000 92.017913
88000000 96.051502
91000000 97.290111
94000000 100.548387
97000000 103.633809
100000000 106.866288
