3
1024x64
64x1024
256x256
Кол-во потоков
Время выполнения, мс
none
1 239.329 6.42681 43.2384 
2 119.598 3.22781 21.6973 
3 79.9755 2.21542 14.7326 
4 59.912 1.64044 10.8839 
5 48.3281 1.37801 9.16952 
6 40.4265 1.14954 7.84577 
7 35.3373 1.01879 6.74386 
8 31.159 0.864518 5.90297 
9 27.3881 0.850666 5.31616 
10 25.1368 0.756788 4.66955 
11 22.9117 0.656354 4.28535 
12 20.8691 0.635374 4.04044 
13 19.3623 0.558579 3.64789 
14 18.3544 0.572824 3.44733 
15 16.9695 0.540543 3.26221 
16 15.7432 0.450492 2.94847 
17 14.9083 0.464511 2.96565 
18 14.0277 0.493395 2.597 
19 13.3681 0.535834 2.50695 
20 12.7155 0.428617 2.42492 
21 11.9507 0.407362 2.34737 
22 11.9238 0.438166 2.26802 
23 11.0129 0.416207 2.22813 
24 11.3965 0.514257 2.03739 
25 10.0693 0.421774 2.06145 
26 9.89137 0.466573 1.8152 
27 10.2301 0.419998 1.87703 
28 10.7728 0.438094 2.34319 
29 10.5379 0.437999 1.70046 
30 9.28465 1.09993 1.73117 
31 10.5708 0.385535 1.68358 
32 10.8657 0.346148 1.53805 
