3
2048x124
124x2048
512x512
Кол-во потоков
Время выполнения, мс
none
1 1749.95 40.717 460.818 
2 876.112 20.4478 231.394 
3 598.816 13.897 160.553 
4 451.087 10.4262 121.131 
5 362.958 8.49843 96.5015 
6 301.495 7.19327 79.1861 
7 257.916 6.2767 71.8707 
8 239.563 5.44224 62.551 
9 211.004 4.85462 53.668 
10 177.842 4.4655 47.0682 
11 165.727 4.30182 44.3208 
12 153.199 3.82313 41.5025 
13 140.781 3.56891 37.4926 
14 130.559 3.36828 35.9705 
15 124.648 3.34529 34.4899 
16 115.72 2.8955 32.3562 
17 109.151 3.02213 30.1392 
18 103.702 2.61502 28.2644 
19 97.8586 2.63892 27.8044 
20 94.2527 2.66807 25.8873 
21 89.0492 2.27696 25.1437 
22 84.0643 2.30206 22.8122 
23 80.3797 2.18396 22.1935 
24 78.438 2.22754 21.342 
25 74.6887 2.0327 19.9588 
26 71.0583 1.84618 19.0377 
27 71.8249 2.18337 18.9782 
28 70.9181 2.29516 19.7667 
29 72.5563 2.37963 20.0612 
30 74.3327 2.66639 20.4431 
31 73.5023 1.47864 20.3024 
32 72.9309 2.72344 20.7223 
5111 
