3
64x1024
1024x64
512x512
Кол-во потоков
Время выполнения, мс
none
1 8.74583 239.732 459.667 
2 3.40443 122.148 231.659 
3 2.30603 81.4152 155.08 
4 1.69846 61.393 116.573 
5 1.3917 49.2041 96.6989 
6 1.19858 41.1151 81.2724 
7 1.04176 35.3866 67.5065 
8 0.86298 30.9745 58.7723 
9 0.868893 27.8497 52.9274 
10 0.795853 24.707 48.132 
11 0.687695 22.6438 43.1326 
12 0.653791 20.9622 40.536 
13 0.616062 19.6521 36.7181 
14 0.677681 17.8052 34.9716 
15 0.599289 16.8275 32.8137 
16 0.592196 15.5487 30.5506 
17 0.624633 15.3561 28.8261 
18 0.634348 13.9198 27.3896 
19 0.612617 13.2155 26.4404 
20 0.538242 12.4012 24.4003 
21 0.525737 11.8629 23.864 
22 0.489688 11.4244 23.1009 
23 0.502443 10.9406 20.9238 
24 0.500238 10.4259 21.2985 
25 0.615418 10.1056 20.4958 
26 0.516105 9.75291 19.1335 
27 0.569296 9.64599 18.803 
28 0.895548 9.80496 20.2182 
29 0.544775 10.1442 19.1602 
30 0.59464 11.1665 21.2809 
31 0.482726 11.6632 19.8457 
32 0.436795 10.375 20.6927 

