4
ReductionAlg
CancelAlg
AtomicAlg
Expected
Кол-во потоков
Эффективность
none
1 1.000000 1.000000 1.000000 1
2 0.983407 0.984588 1.178824 1
3 0.960214 0.961658 1.150922 1
4 0.958014 0.960102 1.144531 1
5 0.649481 0.742170 0.808606 1
6 0.641338 0.734169 0.798355 1
7 0.634693 0.722104 0.789862 1
8 0.625214 0.714707 0.782928 1
9 0.478188 0.483640 0.576316 1
10 0.474466 0.479085 0.568807 1
11 0.470164 0.475314 0.566068 1
12 0.451171 0.468287 0.557114 1
13 0.320817 0.374207 0.405053 1
14 0.319521 0.362488 0.396094 1
15 0.312619 0.358741 0.392648 1
16 0.310166 0.354561 0.371231 1
