4
ReductionAlg
CancelAlg
AtomicAlg
Expected
Кол-во потоков
Эффективность
none
1 1.000000 1.000000 1.000000 1
2 0.980199 0.983875 0.982477 1
3 0.960724 0.962160 0.958999 1
4 0.957282 0.958708 0.955288 1
5 0.658533 0.743349 0.647357 1
6 0.645348 0.728269 0.632660 1
7 0.633534 0.712956 0.624902 1
8 0.625285 0.718704 0.621469 1
9 0.476225 0.482342 0.477010 1
10 0.474731 0.479322 0.473408 1
11 0.469948 0.474417 0.468503 1
12 0.463585 0.467261 0.452059 1
13 0.326159 0.364069 0.320486 1
14 0.316582 0.360722 0.316704 1
15 0.312596 0.357248 0.313993 1
16 0.302004 0.348013 0.309968 1
