5
ReductionAlg
CancelAlg
AtomicAlg
DirtyAlg
Expected
Кол-во потоков
Эффективность
none
1 1.000000 1.000000 1.000000 1.000000 1
2 0.969419 0.950082 0.976967 0.926014 1
3 0.952231 0.922269 0.945666 0.836396 1
4 0.901093 0.873773 0.877165 0.732060 1
5 0.553883 0.553752 0.574034 0.444418 1
6 0.524252 0.424246 0.560227 0.407869 1
7 0.476164 0.278944 0.517750 0.362901 1
8 0.405155 0.222761 0.437118 0.308987 1
9 0.369812 0.006738 0.365671 0.270169 1
10 0.375706 0.004929 0.399384 0.253352 1
11 0.338813 0.002149 0.365481 0.228183 1
12 0.251491 0.001034 0.265047 0.201089 1
