4
ReductionAlg
CancelAlg
AtomicAlg
Expected
Кол-во потоков
Эффективность
none
1 1.000000 1.000000 1.000000 1
2 0.983242 0.982772 0.982544 1
3 0.961038 0.960972 0.959192 1
4 0.957143 0.958258 0.954232 1
5 0.648891 0.740770 0.647397 1
6 0.644434 0.728861 0.631680 1
7 0.632943 0.721299 0.625220 1
8 0.628264 0.716081 0.621147 1
9 0.477383 0.484933 0.478523 1
10 0.470859 0.479427 0.475020 1
11 0.468221 0.475530 0.469516 1
12 0.442060 0.474346 0.443115 1
13 0.331059 0.366953 0.325406 1
14 0.316953 0.358664 0.317780 1
15 0.313383 0.354041 0.313047 1
16 0.309738 0.347563 0.313327 1
