5
ReductionAlg
CancelAlg
AtomicAlg
DirtyAlg
Expected
Кол-во потоков
Эффективность
none
1 1.000000 1.000000 1.000000 1.000000 1
2 0.995044 0.987580 0.986261 0.987295 1
3 0.972331 0.969450 0.966888 0.965540 1
4 0.911096 0.942227 0.897928 0.895986 1
5 0.697164 0.818863 0.687690 0.671081 1
6 0.592973 0.711545 0.586810 0.609238 1
7 0.540442 0.638482 0.532612 0.561715 1
8 0.522296 0.634437 0.516388 0.536864 1
9 0.430209 0.474732 0.423648 0.424850 1
10 0.350192 0.433141 0.397833 0.402300 1
11 0.377822 0.397727 0.362424 0.384366 1
12 0.316339 0.398958 0.343607 0.327898 1
