4
ReductionAlg
CancelAlg
AtomicAlg
DirtyAlg
Кол-во потоков
Время выполнения, мс
none
1 1.375759 2.777371 1.353111 1.366811
2 0.709579 1.461649 0.692506 0.738008
3 0.481591 1.003819 0.476952 0.544722
4 0.381691 0.794649 0.385649 0.466769
5 0.496769 1.003110 0.471439 0.615101
6 0.437372 1.091101 0.402548 0.558517
7 0.412750 1.422389 0.373349 0.538049
8 0.424454 1.558492 0.386941 0.552940
9 0.413351 45.802581 0.411150 0.562122
10 0.366180 56.349487 0.338800 0.539491
11 0.369139 117.467060 0.336571 0.544543
12 0.455868 223.739207 0.425432 0.566421
