4
ReductionAlg
CancelAlg
AtomicAlg
DirtyAlg
Кол-во потоков
Время выполнения, мс
none
1 13.554330 27.018168 16.160090 13.444495
2 6.810920 13.678980 8.192601 6.808751
3 4.646678 9.289858 5.571170 4.641442
4 3.719239 7.168701 4.499271 3.751311
5 3.888421 6.598949 4.699817 4.006820
6 3.809710 6.328521 4.589810 3.677952
7 3.582871 6.045177 4.334459 3.419249
8 3.243930 5.323260 3.911812 3.130331
9 3.500710 6.323612 4.238341 3.516140
10 3.870542 6.237729 4.062028 3.341911
11 3.261359 6.175580 4.053540 3.179848
12 3.570623 5.643482 3.919232 3.416841
