3
ReductionAlg
CancelAlg
AtomicAlg
Кол-во потоков
Время выполнения, мс
none
1 13.251948 26.306748 15.893495
2 6.739342 13.497794 8.090448
3 4.596698 9.202659 5.524945
4 3.461552 6.921542 4.165244
5 4.084754 7.162952 4.911494
6 3.427505 6.066656 4.194748
7 2.991199 5.254507 3.632653
8 2.636790 4.631197 3.199410
9 3.084600 6.078851 3.691554
10 2.814603 5.533791 3.346896
11 2.573144 5.071950 3.078306
12 2.498305 4.660892 2.989900
13 3.079355 5.561495 3.758252
14 2.986658 5.283594 3.573549
15 2.819300 4.995751 3.385746
16 2.674198 4.770803 3.171301
