5
ReductionAlg
CancelAlg
AtomicAlg
DirtyAlg
Expected
Кол-во потоков
Ускорение
none
1 1.000000 1.000000 1.000000 1.000000 1
2 1.990088 1.975160 1.972522 1.974591 2
3 2.916994 2.908351 2.900664 2.896620 3
4 3.644382 3.768907 3.591713 3.583945 4
5 3.485818 4.094314 3.438451 3.355403 5
6 3.557838 4.269271 3.520862 3.655429 6
7 3.783092 4.469376 3.728283 3.932002 7
8 4.178367 5.075493 4.131101 4.294912 8
9 3.871881 4.272585 3.812834 3.823652 9
10 3.501920 4.331411 3.978331 4.022996 10
11 4.156038 4.375001 3.986661 4.228031 11
12 3.796068 4.787499 4.123280 3.934773 12
