5
ReductionAlg
CancelAlg
AtomicAlg
DirtyAlg
Expected
Кол-во потоков
Ускорение
none
1 1.000000 1.000000 1.000000 1.000000 1
2 1.938838 1.900163 1.953935 1.852027 2
3 2.856694 2.766806 2.836999 2.509189 3
4 3.604374 3.495092 3.508658 2.928240 4
5 2.769414 2.768759 2.870170 2.222092 5
6 3.145513 2.545476 3.361364 2.447214 6
7 3.333150 1.952611 3.624251 2.540310 7
8 3.241242 1.782089 3.496941 2.471895 8
9 3.328306 0.060638 3.291037 2.431520 9
10 3.757056 0.049288 3.993835 2.533518 10
11 3.726942 0.023644 4.020288 2.510013 11
12 3.017887 0.012413 3.180560 2.413067 12
