4
ReductionAlg
CancelAlg
AtomicAlg
Expected
Кол-во потоков
Ускорение
none
1 1.000000 1.000000 1.000000 1
2 1.966484 1.965544 1.965088 2
3 2.883114 2.882917 2.877575 3
4 3.828574 3.833034 3.816929 4
5 3.244457 3.703850 3.236987 5
6 3.866604 4.373168 3.790082 6
7 4.430599 5.049095 4.376538 7
8 5.026113 5.728649 4.969179 8
9 4.296443 4.364394 4.306707 9
10 4.708589 4.794273 4.750205 10
11 5.150432 5.230829 5.164673 11
12 5.304720 5.692151 5.317382 12
13 4.303761 4.770391 4.230276 13
14 4.437337 5.021299 4.448923 14
15 4.700744 5.310613 4.695698 15
16 4.955806 5.561014 5.013224 16
